   0.0000000000000000        9.9993466944484008E-003   1.0000000000000000E-002   1.2419981685237821E-007   0.0000000000000000       -4.1441832416916617E-007  -1.6376541879658315E-023  -2.3926453101618173E-007  -9.4550008626159092E-024
  0.11111111111111110        9.9993466944484008E-003   1.0000000000000000E-002   1.8295595743913812E-005   0.0000000000000000       -4.5546827050189499E-006  -1.0957625250511249E-018  -2.6296472858160236E-006  -6.3263878880617101E-019
  0.22222222222222221        9.9940588354582218E-003   1.0000000000003824E-002   2.0256776801283786E-004   1.4667412804980647E-013  -1.6641840947724389E-005  -7.3318013053564559E-014  -9.6081713509796125E-006  -4.2330174572923998E-014
  0.33333333333333331        9.9976068521329623E-003   1.0000000255773045E-002   7.5837266316144340E-004   9.8114886311922244E-009  -6.7692277283901815E-005  -4.9057441761018618E-009  -3.9082154511919504E-005  -2.8323327206478491E-009
  0.44444444444444442        1.0087079433590791E-002   1.0017084650438502E-002   3.2118335868827181E-003   6.5425175453971154E-004  -7.5131102274768173E-005  -3.2656651591003770E-004  -4.3376962122850715E-005  -1.8854326586897847E-004
  0.55555555555555558        1.0130784357727348E-002   1.0337424910232691E-002   4.0687065641527792E-003   1.2521170104040497E-002   4.0581223001734019E-005   6.0456477213426327E-003   2.3429580024095372E-005   3.4904563393428167E-003
  0.66666666666666663        1.0046110690306859E-002   1.0000005220622023E-002   1.4315075553524362E-003   2.0026366824816531E-007   9.2043014574369326E-005   1.0013178183156702E-007   5.3141059241536777E-005   5.7811111194892103E-008
  0.77777777777777779        9.9998252660650593E-003   1.0000000000078025E-002  -3.3176986266643562E-006   2.9930210136713991E-012   3.2197170849692931E-005   1.4965057203331863E-012   1.8589045257214586E-005   8.6400798047818002E-013
  0.88888888888888884        1.0000015143852004E-002   1.0000000000000002E-002   4.9717964758379792E-007   8.5176613269341730E-017  -7.4590471531159031E-008   2.2365784595175055E-017  -4.3064828817495784E-008   1.2912891756661504E-017
   1.0000000000000000        1.0000015143852004E-002   1.0000000000000000E-002  -2.5715789921827007E-009   0.0000000000000000        1.1128698396421970E-008   3.3426422214722992E-022   6.4251570149043819E-009   1.9298753863716408E-022
