   0.0000000000000000        1.0000000000000000E-002   1.0000000000000000E-002   1.8464432011891497E-017   0.0000000000000000       -2.7926628752057591E-017  -1.6376541879658315E-023  -1.6123446627559195E-017  -9.4550008626159092E-024
   1.0101010101010102E-002   1.0000000000000000E-002   1.0000000000000000E-002   9.4370431632785660E-017   0.0000000000000000       -8.3879453030516681E-017  -4.4967991999273905E-023  -4.8427824786647381E-017  -2.5962282285697727E-023
   2.0202020202020204E-002   1.0000000000000000E-002   1.0000000000000000E-002   3.5737131294327197E-016   0.0000000000000000       -2.0755341889724184E-016  -1.2347663623408009E-022  -1.1983102227154973E-016  -7.1289269168375648E-023
   3.0303030303030304E-002   1.0000000000000002E-002   1.0000000000000000E-002   9.3297010394487392E-016   0.0000000000000000       -7.3021437690294460E-016  -3.3905182370450119E-022  -4.2158946707104984E-016  -1.9575166168502730E-022
   4.0404040404040407E-002   1.0000000000000005E-002   1.0000000000000000E-002   3.3077324317430475E-015   0.0000000000000000       -1.7449148507402802E-015  -9.3099506646278838E-022  -1.0074270587878764E-015  -5.3751025223650443E-022
   5.0505050505050504E-002   1.0000000000000014E-002   1.0000000000000000E-002   7.9831311170369128E-015   0.0000000000000000       -6.7832305966566468E-015  -2.5563992085571694E-021  -3.9163000109550212E-015  -1.4759377712166281E-021
   6.0606060606060608E-002   1.0000000000000035E-002   1.0000000000000000E-002   3.0714724741466840E-014   0.0000000000000000       -1.4376874569706304E-014  -7.0195612725869703E-021  -8.3004924029254193E-015  -4.0527455903211598E-021
   7.0707070707070704E-002   1.0000000000000101E-002   1.0000000000000000E-002   6.6071513216860162E-014   0.0000000000000000       -6.3852679358769413E-014  -1.9274861412358800E-020  -3.6865361616264381E-014  -1.1128346425018084E-020
   8.0808080808080815E-002   1.0000000000000276E-002   1.0000000000000000E-002   2.8870534841325991E-013   0.0000000000000000       -1.1155651066242591E-013  -5.2926424891610990E-020  -6.4407181460806960E-014  -3.0557085658416114E-020
   9.0909090909090912E-002   1.0000000000000755E-002   1.0000000000000000E-002   5.1680488963068980E-013   0.0000000000000000       -6.1163009414880833E-013  -1.4532952491223837E-019  -3.5312479950129063E-013  -8.3906040329281245E-020
  0.10101010101010101        1.0000000000002070E-002   1.0000000000000000E-002   2.7599380520446226E-012   0.0000000000000000       -7.6793925071786779E-013  -3.9905719788310232E-019  -4.4336993312324053E-013  -2.3039578061986690E-019
  0.11111111111111110        1.0000000000005685E-002   1.0000000000000000E-002   3.6195897410153724E-012   0.0000000000000000       -6.0155088908503600E-012  -1.0957625250511249E-018  -3.4730556774450430E-012  -6.3263878880617101E-019
  0.12121212121212122        1.0000000000015609E-002   1.0000000000000000E-002   2.7065024479709037E-011   0.0000000000000000       -3.9749951128943555E-012  -3.0088306079324046E-018  -2.2949644984570027E-012  -1.7371491614357591E-018
  0.13131313131313133        1.0000000000042865E-002   1.0000000000000000E-002   1.9680176055714971E-011   0.0000000000000000       -6.2494731405354476E-011  -8.2618828626289188E-018  -3.6081349999814767E-011  -4.7700002947519624E-018
  0.14141414141414141        1.0000000000117705E-002   1.0000000000000002E-002   2.7956898975278621E-010   8.5176613269341730E-017  -9.0494398398563312E-012  -2.2686125385671730E-017  -5.2246965275563760E-012  -1.3097840598287176E-017
  0.15151515151515152        1.0000000000323200E-002   1.0000000000000002E-002   5.6243569347633415E-011   8.5176613269341730E-017  -7.6245146961840961E-010  -6.2293340824570691E-017  -4.4020156122821464E-010  -3.5965077093786992E-017
  0.16161616161616163        1.0000000000887466E-002   1.0000000000000009E-002   3.3601809881114420E-009   3.4070645307736692E-016  -3.7529791439039684E-010  -1.7104993669553259E-016  -2.1667835189960077E-010  -9.8755726996034196E-017
  0.17171717171717171        1.0000000002436874E-002   1.0000000000000024E-002   1.5725987788712313E-009   9.3694274596275907E-016  -1.4074950653405126E-008  -4.6968232007241146E-016  -8.1261765485741477E-009  -2.7117121392741472E-016
  0.18181818181818182        9.9999980825860105E-003   1.0000000000000066E-002   6.0228668462758864E-008   2.5127100914455810E-015  -3.8585035760983531E-008  -1.2896905199168246E-015  -2.2277080783295178E-008  -7.4460316884528713E-016
  0.19191919191919191        9.9999903387906555E-003   1.0000000000000184E-002   1.5747176305900734E-007   7.0696589013553632E-015  -4.1896126645899103E-007  -3.5413332929092316E-015  -2.4188739997012504E-007  -2.0445897299513289E-015
  0.20202020202020202        9.9999347886475017E-003   1.0000000000000507E-002   1.7530030976612739E-006   1.9420267825409913E-014  -1.7105432463312012E-006  -9.7240704632577677E-015  -9.8758260372981542E-007  -5.6141946995807612E-015
  0.21212121212121213        9.9997811878637950E-003   1.0000000000001393E-002   7.0688026765450809E-006   5.3448324826511937E-014  -4.0318410477008728E-006  -2.6701114680088593E-014  -2.3277845142198816E-006  -1.5415895748212218E-014
  0.22222222222222221        9.9994560590094244E-003   1.0000000000003824E-002   1.8043626415667574E-005   1.4667412804980647E-013  -8.0245852426916920E-006  -7.3318013053564547E-014  -4.6329964500031467E-006  -4.2330174572923992E-014
  0.23232323232323232        9.9988071573764853E-003   1.0000000000010497E-002   3.9493133005919046E-005   4.0267243923081301E-013  -1.4962542593387674E-005  -2.0132234562193882E-013  -8.6386279940536141E-006  -1.1623351043871325E-013
  0.24242424242424243        9.9976071205947273E-003   1.0000000000028821E-002   7.8505556121393979E-005   1.1055498519294210E-012  -2.5902288847345616E-005  -5.5280667271993616E-013  -1.4954693438642432E-005  -3.1916308130467650E-013
  0.25252525252525254        9.9955553389932290E-003   1.0000000000079142E-002   1.4417389436424506E-004   3.0358648501458777E-012  -4.1425620934682920E-005  -1.5179398812222582E-012  -2.3917093397986581E-005  -8.7638299903733934E-013
  0.26262626262626265        9.9923360214114691E-003   1.0000000000217312E-002   2.4595622846952740E-004   8.3361073757505709E-012  -6.0932846833742139E-005  -4.1680782751905100E-012  -3.5179595521951254E-005  -2.4064411141846723E-012
  0.27272727272727271        9.9877185181593345E-003   1.0000000000596716E-002   3.9055604165476044E-004   2.2890064931856454E-011  -8.2124793806535520E-005  -1.1445035947582452E-011  -4.7414771811345795E-005  -6.6077945852216722E-012
  0.28282828282828282        9.9816853383311102E-003   1.0000000001638507E-002   5.7818159916852706E-004   6.2853356110486107E-011  -1.0107176022437471E-004  -3.1426676556221384E-011  -5.8353807973012052E-005  -1.8144200169469720E-011
  0.29292929292929293        9.9745309454832721E-003   1.0000000004499141E-002   7.9967607954366238E-004   1.7258766463457811E-010  -1.1310012849002313E-004  -8.6293831085700372E-011  -6.5298389629096115E-005  -4.9821766606733206E-011
  0.30303030303030304        9.9668722710986295E-003   1.0000000012354094E-002   1.0363186470346562E-003   4.7390470396521759E-010  -1.1432891402035235E-004  -2.3695236303362690E-010  -6.6007829285808000E-005  -1.3680451058258244E-010
  0.31313131313131315        9.9595413708179932E-003   1.0000000033922840E-002   1.2631464577909392E-003   1.3012847722796223E-009  -1.0318953023262933E-004  -6.5064236237773792E-010  -5.9576503057359576E-005  -3.7564854306496106E-010
  0.32323232323232326        9.9533855595109015E-003   1.0000000093147990E-002   1.4549397254117497E-003   3.5731695311372374E-009  -8.1095718417307328E-005  -1.7865847528096630E-009  -4.6820634858358472E-005  -1.0314851879647401E-009
  0.33333333333333331        9.9490417717850201E-003   1.0000000255773045E-002   1.5923404454986330E-003   9.8114886311922244E-009  -5.1702901410273282E-005  -4.9057441761018610E-009  -2.9850684047105964E-005  -2.8323327206478483E-009
  0.34343434343434343        9.9467493286753816E-003   1.0000000702321637E-002   1.6649103100675620E-003   2.6941151879798334E-008  -1.8905514255824572E-005  -1.3470574980342123E-008  -1.0915103744768625E-005  -7.7772400910395622E-009
  0.35353535353535354        9.9462306080082361E-003   1.0000001928489549E-002   1.6691352994364290E-003   7.3977107842465632E-008   1.5147526069085193E-005  -3.6988546762161585E-008   8.7454282535432082E-006  -2.1355347430067052E-008
  0.36363636363636365        9.9466757339388805E-003   1.0000005295395940E-002   1.6033773254187039E-003   2.0313200283767776E-007   4.9324979403483896E-005  -1.0156594762406499E-007   2.8477790136374174E-005  -5.8639127201253358E-008
  0.37373737373737376        9.9470103008360254E-003   1.0000014540499686E-002   1.4687740416599454E-003   5.5777473992823750E-007   7.6786161372011666E-005  -2.7888696444027706E-007   4.4332510938168980E-005  -1.6101546399307157E-007
  0.38383838383838381        9.9468520786359354E-003   1.0000039926342111E-002   1.2914774607643796E-003   1.5315738134264989E-006   7.1642974177739470E-005  -7.6578384917281971E-007   4.1363090427063295E-005  -4.4212551146099527E-007
  0.39393939393939392        9.9485202798551744E-003   1.0000109632114680E-002   1.1777608044609893E-003   4.2054567652412481E-006  -2.3372451200893440E-005  -2.1027053298213352E-006  -1.3494090992457220E-005  -1.2139974881988087E-006
  0.40404040404040403        9.9596155391331494E-003   1.0000301030689612E-002   1.3864002669805528E-003   1.1547230700384014E-005  -2.9112829069574014E-004  -5.7734415440496654E-006  -1.6808299700190121E-004  -3.3332980296076431E-006
  0.41414141414141414        9.9941958730468995E-003   1.0000826550215398E-002   2.3588063150845546E-003   3.1703958494592314E-005  -8.0478499818513666E-004  -1.5850668947480619E-005  -4.6464283534196116E-004  -9.1513879836635778E-006
  0.42424242424242425        1.0070301465111517E-002   1.0002269278856923E-002   4.6399452241022128E-003   8.7030096875519622E-005  -1.5801174852792417E-003  -4.3505172539140227E-005  -9.1228125547720474E-004  -2.5117723076613725E-005
  0.43434343434343436        1.0204179905306247E-002   1.0006228695449657E-002   8.6985500595531031E-003   2.3878487507967387E-004  -2.5550648085857597E-003  -1.1931804845202584E-004  -1.4751673550339279E-003  -6.8888307392957925E-005
  0.44444444444444442        1.0404811134420664E-002   1.0017084650438502E-002   1.4756872083394245E-002   6.5425175453971154E-004  -3.6133751993074545E-003  -3.2656651591003770E-004  -2.0861831440032765E-003  -1.8854326586897847E-004
  0.45454545454545453        1.0671829674593262E-002   1.0046772636261143E-002   2.2730035654212569E-002   1.7858518060442814E-003  -4.6233728086374120E-003  -8.8873964004409936E-004  -2.6693055356308061E-003  -5.1311407041895187E-004
  0.46464646464646464        1.0996321443011247E-002   1.0127387157043392E-002   3.2261175230946820E-002   4.8251228487872352E-003  -5.4527970146437251E-003  -2.3816302072139205E-003  -3.1481738242409426E-003  -1.3750348412451014E-003
  0.47474747474747475        1.1361650967351679E-002   1.0342089545986713E-002   4.2765374929849879E-002   1.2688539950466166E-002  -5.9496401931360540E-003  -6.1233942376631954E-003  -3.4350263670885174E-003  -3.5353433114690492E-003
  0.48484848484848486        1.1742029143327001E-002   1.0884742048946820E-002   5.3419148085749719E-002   3.1180183696018941E-002  -5.9059348830908234E-003  -1.4143672871004634E-002  -3.4097930945688878E-003  -8.1658533394045330E-003
  0.49494949494949497        1.2098369017261161E-002   1.2079001996159995E-002   6.3087555085197491E-002   6.6024328937346444E-002  -5.0490521199259356E-003  -2.5232171512057380E-002  -2.9150716005916896E-003  -1.4567801014725136E-002
  0.50505050505050508        1.2373719471309988E-002   1.3926801481458861E-002   7.0281099111093426E-002  0.10816025528821355       -3.0946937937020710E-003  -2.5054903712920188E-002  -1.7867222948533545E-003  -1.4465455403174626E-002
  0.51515151515151514        1.2493472769820753E-002   1.4999936799711249E-002   7.3192692297075299E-002  0.12786604375709143        1.5566536704864406E-005   2.2730017050328228E-004   8.9873441569036546E-006   1.3123181462691786E-004
  0.52525252525252530        1.2389317762423732E-002   1.3900859946072049E-002   7.0230756745158662E-002  0.10764623203420945        3.7604279302640149E-003   2.5235409241269973E-002   2.1710840778061164E-003   1.4569670318557590E-002
  0.53535353535353536        1.2045053778617599E-002   1.2056483193829473E-002   6.0929185545179232E-002   6.5431166374319213E-002   7.0243743895705415E-003   2.5101687821637818E-002   4.0555244447072654E-003   1.4492466220936546E-002
  0.54545454545454541        1.1527758744553399E-002   1.0873392834431539E-002   4.6668129971906683E-002   3.0812340499933730E-002   8.5473888654655269E-003   1.3996074793915059E-002   4.9348372623449314E-003   8.0806375498649954E-003
  0.55555555555555558        1.0981552279747248E-002   1.0337424910232691E-002   3.0971146630417622E-002   1.2521170104040497E-002   7.8262255062072732E-003   6.0456477213426318E-003   4.5184734027474841E-003   3.4904563393428163E-003
  0.56565656565656564        1.0547087464630751E-002   1.0125611118471069E-002   1.7873372772862675E-002   4.7586852573862498E-003   5.6725527533841077E-003   2.3492653361425115E-003   3.2750498591586673E-003   1.3563489742197358E-003
  0.57575757575757580        1.0273562755526305E-002   1.0046115233266213E-002   9.2405929197012220E-003   1.7608663608991320E-003   3.4169501092262272E-003   8.7636363716727284E-004   1.9727770653692835E-003   5.0596878182652451E-004
  0.58585858585858586        1.0127577813368295E-002   1.0016843812303569E-002   4.4351339109349602E-003   6.4504443634982314E-004   1.8081942281154102E-003   3.2197850951159990E-004   1.0439614243495595E-003   1.8589437913979669E-004
  0.59595959595959591        1.0056980707554397E-002   1.0006140796809644E-002   2.0267897776812785E-003   2.3541723814536362E-004   8.8120743171305708E-004   1.1763631439416741E-004   5.0876534791143230E-004   6.7917357781948010E-005
  0.60606060606060608        1.0024708235128280E-002   1.0002237242538799E-002   8.9487250340034117E-004   8.5801732970397851E-005   4.0743320879704195E-004   4.2891267446966185E-005   2.3523167277576516E-004   2.4763284806390162E-005
  0.61616161616161613        1.0010469227005773E-002   1.0000814879814758E-002   3.8465242624215602E-004   3.1256353808641625E-005   1.8171684930984677E-004   1.5626903343801369E-005   1.0491427186533068E-004   9.0221968521439835E-006
  0.62626262626262630        1.0004345898862498E-002   1.0000296780093907E-002   1.6143086793705909E-004   1.1384187016536991E-005   7.8908360422867384E-005   5.6919245757811545E-006   4.5557763131454497E-005   3.2862341860342961E-006
  0.63636363636363635        1.0001765468617550E-002   1.0000108084064579E-002   6.5969264446978629E-005   4.1460746450831484E-006   3.3551620419576572E-005   2.0730149161844166E-006   1.9371037080990677E-005   1.1968557198931826E-006
  0.64646464646464652        1.0000694787634214E-002   1.0000039362562026E-002   2.5892694070943262E-005   1.5099473039453681E-006   1.4015901313247138E-005   7.5497068021624933E-007   8.0920843961384625E-006   4.3588252545312643E-007
  0.65656565656565657        1.0000251820576619E-002   1.0000014335179986E-002   9.3432944534032902E-006   5.4989867097228335E-007   5.6936581786080010E-006   2.7494894131280358E-007   3.2872350820930437E-006   1.5874184528034977E-007
  0.66666666666666663        1.0000074215489815E-002   1.0000005220622023E-002   2.8885938519941524E-006   2.0026366824816531E-007   2.2522178482780552E-006   1.0013178183156702E-007   1.3003185809770149E-006   5.7811111194892103E-008
  0.67676767676767680        1.0000015539589220E-002   1.0000001901258201E-002   2.4349189398095664E-007   7.2932510034285291E-008   6.9391399416391515E-007   3.6466248073014859E-008   4.0063143132498479E-007   2.1053798141290803E-008
  0.68686868686868685        1.0000002351055810E-002   1.0000000692404462E-002   8.4905303098198560E-008   2.6560727742306701E-008   6.1374385233894528E-008   1.3280362960090296E-008   3.5434517836136796E-008   7.6674211299440675E-009
  0.69696969696969702        1.0000000460888352E-002   1.0000000252161386E-002  -4.4853617945481118E-009   9.6729449089971234E-009   2.0564598158530984E-008   4.8364723272625522E-009   1.1872976282604348E-008   2.7923386000732103E-009
  0.70707070707070707        1.0000000000000923E-002   1.0000000091832687E-002   1.8160214386726780E-009   3.5227143550893171E-009  -8.3786562961381191E-010   1.7613571766366421E-009  -4.8374194680226960E-010   1.0169200400702446E-009
  0.71717171717171713        1.0000000000000335E-002   1.0000000033443830E-002  -1.1000461193411029E-009   1.2829098344405604E-009   4.5831206519505440E-010   6.4145492807327925E-010   2.6460659421321797E-010   3.7034417539611981E-010
  0.72727272727272729        1.0000000000000122E-002   1.0000000012179646E-002  -3.5744481307277777E-011   4.6721288852032498E-010  -2.4544158077392325E-010   2.3360646303014310E-010  -1.4170576273015188E-010   1.3487275431488948E-010
  0.73737373737373735        1.0000000000000045E-002   1.0000000004435610E-002  -1.0836296469900057E-010   1.7015059137571568E-010  -6.6724743309835828E-012   8.5075313883742687E-011  -3.8523548511542399E-012   4.9118255372170751E-011
  0.74747474747474751        1.0000000000000016E-002   1.0000000001615370E-002  -8.7849890608795806E-012   6.1965773211912935E-011  -2.4713850680760310E-011   3.0982914290312802E-011  -1.4268548343249180E-011   1.7887993905791199E-011
  0.75757575757575757        1.0000000000000007E-002   1.0000000000588290E-002  -8.5090225545146091E-012   2.2566862272805937E-011  -2.0026992510280840E-012   1.1283425632919298E-011  -1.1562589516869264E-012   6.5144888265470799E-012
  0.76767676767676762        1.0000000000000002E-002   1.0000000000214244E-002  -6.9327491531156826E-013   8.2183932962123416E-012  -1.9698220657418454E-012   4.1092226765925824E-012  -1.1372772999117191E-012   2.3724608184908421E-012
  0.77777777777777779        1.0000000000000000E-002   1.0000000000078025E-002  -5.5014552121422524E-013   2.9930210136713991E-012  -1.6696220007644866E-013   1.4965057203331863E-012  -9.6395671158629794E-014   8.6400798047818002E-013
  0.78787878787878785        1.0000000000000000E-002   1.0000000000028415E-002  -1.8680167527937225E-014   1.0900051200077660E-012  -1.3026146783851038E-013   5.4500073303129429E-013  -7.5206493521599749E-014   3.1465631992416116E-013
  0.79797979797979801        1.0000000000000000E-002   1.0000000000010348E-002  -2.3836560250546913E-014   3.9692301783513245E-013  -5.7553144863150572E-015   1.9847956139833773E-013  -3.3228323679449510E-015   1.1459222820196914E-013
  0.80808080808080807        1.0000000000000000E-002   1.0000000000003768E-002   4.5736283763660361E-015   1.4454471271807291E-013  -6.0503592204978139E-015   7.2282721664668480E-014  -3.4931765246483470E-015   4.1732448810855146E-014
  0.81818181818181823        1.0000000000000000E-002   1.0000000000001372E-002   6.0933558984829767E-016   5.2639147000453190E-014   8.4825251195284181E-016   2.6324079993100265E-014   4.8973881611674942E-016   1.5198214670185681E-014
  0.82828282828282829        1.0000000000000000E-002   1.0000000000000500E-002   1.1463454997888979E-015   1.9164737985601890E-014   6.6865375655551815E-017   9.5867611446283868E-015   3.8604742634198291E-017   5.5349191275078446E-015
  0.83838383838383834        1.0000000000000000E-002   1.0000000000000182E-002   3.3917245588647214E-016   6.9844822880860221E-015   2.3830751535470739E-016   3.4913276843190946E-015   1.3758690813995118E-016   2.0157189783708221E-015
  0.84848484848484851        1.0000000000000000E-002   1.0000000000000066E-002   1.8348685189109020E-016   2.5127100914455810E-015   6.9214830229965194E-017   1.2714793677864762E-015   3.9961200865184652E-017   7.3408895526057728E-016
  0.85858585858585856        1.0000000000000000E-002   1.0000000000000024E-002   5.9516576169441011E-017   9.3694274596275907E-016   3.9215017708460534E-017   4.6305014277741120E-016   2.2640801030255631E-017   2.6734212458083302E-016
  0.86868686868686873        1.0000000000000000E-002   1.0000000000000009E-002   2.5042335897310249E-017   3.4070645307736692E-016   1.2672598740707701E-017   1.6863461583293543E-016   7.3165282942797040E-018   9.7361240845834404E-017
  0.87878787878787878        1.0000000000000000E-002   1.0000000000000002E-002   8.3141570150664523E-018   8.5176613269341730E-017   5.4182057052724819E-018   6.1413723979331655E-017   3.1282025224638338E-018   3.5457230071404509E-017
  0.88888888888888884        1.0000000000000000E-002   1.0000000000000002E-002   3.1505956739870878E-018   8.5176613269341730E-017   1.7973584518284168E-018   2.2365784595175052E-017   1.0377053859933855E-018   1.2912891756661503E-017
  0.89898989898989901        1.0000000000000000E-002   1.0000000000000000E-002   1.0521026642445647E-018   0.0000000000000000        6.8626481551577104E-019   8.1452204514761369E-018   3.9621517597339928E-019   4.7026452202685926E-018
  0.90909090909090906        1.0000000000000000E-002   1.0000000000000000E-002   3.7780854059003338E-019   0.0000000000000000        2.2916146507369386E-019   2.9663442353575218E-018   1.3230643354818615E-019   1.7126196427927599E-018
  0.91919191919191923        1.0000000000000000E-002   1.0000000000000000E-002   1.2619775485590280E-019   0.0000000000000000        8.2630568299268072E-020   1.0802897447722420E-018   4.7706780850874179E-020   6.2370557494704611E-019
  0.92929292929292928        1.0000000000000000E-002   1.0000000000000000E-002   4.3947658572788577E-020   0.0000000000000000        2.7606157361709464E-020   3.9342228685047338E-019   1.5938422384074127E-020   2.2714246321831898E-019
  0.93939393939393945        1.0000000000000000E-002   1.0000000000000000E-002   1.4657725111622133E-020   0.0000000000000000        9.6370094360891431E-021   1.4327739066271306E-019   5.5639299921090302E-021   8.2721240067904566E-020
  0.94949494949494950        1.0000000000000000E-002   1.0000000000000000E-002   5.0102467098021351E-021   0.0000000000000000        3.2150105606917854E-021   5.2179074143092841E-020   1.8561872126628917E-021   3.0125602502580094E-020
  0.95959595959595956        1.0000000000000000E-002   1.0000000000000000E-002   1.6677834522613865E-021   0.0000000000000000        1.1007529413691190E-021   1.9002689578844571E-020   6.3552000701073324E-022   1.0971207943672810E-020
  0.96969696969696972        1.0000000000000000E-002   1.0000000000000000E-002   5.6276007800771459E-022   0.0000000000000000        3.6671904636388072E-022   6.9204411377568194E-021   2.1172534013514938E-022   3.9955185537948597E-021
  0.97979797979797978        1.0000000000000000E-002   1.0000000000000000E-002   1.8609033563964618E-022   0.0000000000000000        1.2547350115943462E-022   2.5203014206197233E-021   7.2442159670564395E-023   1.4550967036337935E-021
  0.98989898989898994        1.0000000000000000E-002   1.0000000000000000E-002   5.5796436959493878E-023   0.0000000000000000        4.3793349682761874E-023   9.1784889493859749E-022   2.5284102228057982E-023   5.2992030656819987E-022
   1.0000000000000000        1.0000000000000000E-002   1.0000000000000000E-002   9.1475086385880761E-024   0.0000000000000000        1.6073626535525285E-023   3.3426422214722992E-022   9.2801126071390351E-024   1.9298753863716408E-022
